0.000000000000000000e+00,8.050081734632551222e-02,7.072800146913343911e-02,6.125046441199709368e-02,5.171650689908225546e-02,3.858466546023127386e-02,6.463246043774570349e-02,4.836503719375737087e-02,5.939373065662182510e-02,5.809759707452943900e-02,1.378437277383717796e-01,1.115719119400502973e-01,3.652606729508393185e-02,4.693652260278151356e-02,3.087170635029151330e-02,3.588791270558543134e-02,3.208009965078215120e-02,4.384390045631830768e-02,5.498039760688569477e-02,4.197378835358448607e-02,1.790502089531678664e-02,4.230654137088133565e-02,1.034567166142465050e-01,8.269106534016128218e-02,7.781416995988651997e-02,4.332272866276691559e-02,8.820150594689279977e-02,9.619201168974092497e-02,7.778367671500195646e-02,8.691684424902110240e-02,8.620702864073041816e-02,9.087786935907157804e-02,6.516553825353313401e-02,6.617531644306166860e-02,5.590807667054620289e-02,1.714485642303029966e-01,1.449094364885437358e-01,1.395813984081558379e-01,1.530929879863038023e-01,1.264539123954178945e-01,1.180895473692585296e-01,1.113003965220560471e-01,7.776626940911979258e-02,6.421173631527092585e-02,1.139247420220800000e-01,3.059453254789613191e-02,2.746456334164500482e-02,2.001092649217970157e-02,1.512261162266157616e-02,1.091266624811920889e-02,1.327793486327943362e-01,1.756548779558778361e-01,1.205708614300765869e-01,2.406313033314547989e-01,9.049457095289387132e-02,7.358369526345077960e-02,4.169901827106207298e-02,1.624063041629533050e-02,2.947998466261417608e-02,3.449556919081763623e-02,2.824037104122109273e-02,4.081085889712580267e-02,1.022394689583998734e-01,1.024737184274110841e-01,1.296068341419747694e-01,1.031174321432302005e-01,1.265794455314650339e-02,8.965272775822817619e-02,6.259553285685218182e-02,3.288879291451331927e-02,6.200222205616921778e-02,5.899702786020808581e-02,1.371213651898750031e-02,4.301803143381113109e-02,4.718020602380749995e-02,5.200701332577389174e-02,3.084447138246450629e-02,3.404899818241730602e-01
8.050081734632551222e-02,0.000000000000000000e+00,1.459615654406958701e-02,1.966086305706878090e-02,3.242942080413676459e-02,4.191623615204602415e-02,2.894325700705049562e-02,3.571769241606134043e-02,4.239189705987111978e-02,5.516252049035955118e-02,1.436524604475735434e-01,1.096643797287475131e-01,8.715945167043635811e-02,1.006376882680796447e-01,1.016791218019368337e-01,1.157405799327964474e-01,1.088157259230912582e-01,1.243368683289237803e-01,1.353006484288925004e-01,1.153783440619023798e-01,9.594123538126057837e-02,6.197735942791581659e-02,2.982244703096244634e-02,2.301853857667835943e-02,3.525993660313428424e-02,4.713985161293934856e-02,3.802568211243619045e-02,5.618676178735620280e-02,4.620918313721818910e-02,7.167381644022798037e-02,6.173035203859295050e-02,1.453242600221091828e-02,3.147039787178003423e-02,4.421753491691163968e-02,6.137041034274588747e-02,9.371151352643000698e-02,6.598156376989795791e-02,5.998128998387912414e-02,7.259243065154301344e-02,5.261020632847873690e-02,3.888639701674219407e-02,3.141392355367611522e-02,9.249462694411388075e-02,8.931553879312803534e-02,7.474814260278822564e-02,5.279883417211499175e-02,6.151397374943054497e-02,6.106766496240793873e-02,6.975666562932955617e-02,8.079240198537761264e-02,1.114691413142640392e-01,1.476434223940534252e-01,6.589434122728970999e-02,2.023860498429538302e-01,9.476623750501868282e-02,6.589380283716804454e-02,5.739729603753574577e-02,8.447703130920604375e-02,7.064557380938539521e-02,9.787866996542864129e-02,7.642360089546883228e-02,9.738986810379325620e-02,1.193835138894641795e-01,2.567194263597723930e-02,6.526991369538108489e-02,3.636891392734595968e-02,9.286215194850741539e-02,8.807635604743074831e-02,9.238287503554880320e-02,5.258319239661984196e-02,7.694657772097605875e-02,6.604933748432961771e-02,6.927563738139692895e-02,6.798746891685301941e-02,7.845236436172418892e-02,9.040570532356476119e-02,1.060521380431908162e-01,3.118218294592612350e-01
7.072800146913343911e-02,1.459615654406958701e-02,0.000000000000000000e+00,1.624158018050491162e-02,2.953043855346558846e-02,3.302601327295639350e-02,1.440646648568364406e-02,2.321658539537226756e-02,2.780819768518415572e-02,4.058113576993709753e-02,1.500573170925276478e-01,1.163487432023501272e-01,8.298912759950327622e-02,9.693035675236783000e-02,9.481279609431954303e-02,1.065301263107830548e-01,1.007575422466964882e-01,1.141932828477106587e-01,1.247510537583170070e-01,1.030056932916572354e-01,8.492829069871911385e-02,5.993901773093397722e-02,4.441233679160843523e-02,3.444603590571006929e-02,4.383859576302385347e-02,3.356852657877611862e-02,2.948240980384017260e-02,4.671038465175894605e-02,3.367994019649807325e-02,5.882316498084122491e-02,4.951910556172193362e-02,2.911114646034866291e-02,3.570576962742914168e-02,4.874047222420920672e-02,6.255219409660604801e-02,1.008637243630255281e-01,7.418996226788443504e-02,7.289680183213832765e-02,8.367869774319786069e-02,5.670095438391092174e-02,4.751377356456151779e-02,4.459987647286726281e-02,9.534489819899051588e-02,9.000540173337734373e-02,6.639484817461964450e-02,4.124991812061808150e-02,4.907244354476455322e-02,5.077666228807994203e-02,5.855089855111066111e-02,6.955463651474955156e-02,1.010843173067719203e-01,1.391843475848111578e-01,6.155124998375031270e-02,1.966030562506917989e-01,9.966853977670878106e-02,7.070155978434067290e-02,4.341120046593375387e-02,7.702445688941343682e-02,6.587258699795937866e-02,9.224835937254845242e-02,6.330114624595400974e-02,8.379866687358999977e-02,1.231632196266419094e-01,3.174642604733741991e-02,6.467072161998117796e-02,3.549025755216234090e-02,8.334303769798295791e-02,7.453720750100509274e-02,7.779986817531801824e-02,4.685326716660518503e-02,6.236533913960536080e-02,5.146703810986116151e-02,6.093404019241574487e-02,5.377477241429248073e-02,6.410058680033499379e-02,8.873465054846560451e-02,9.418651573716484149e-02,3.048100386347435964e-01
6.125046441199709368e-02,1.966086305706878090e-02,1.624158018050491162e-02,0.000000000000000000e+00,1.370298573843834605e-02,2.282530291827802524e-02,2.486682972663534219e-02,2.106697355795609378e-02,3.541322964119740513e-02,4.721391932601719243e-02,1.346638542816123996e-01,1.011864317364404992e-01,6.830778411057726596e-02,8.204189385528751211e-02,8.207917831637455419e-02,9.621717769679100085e-02,8.915828659892362229e-02,1.050801062391948926e-01,1.161971678388724200e-01,9.776591325570757607e-02,7.724678949998327326e-02,4.419275920914642053e-02,4.390443707056964490e-02,2.673391202107030379e-02,3.152534716764925776e-02,3.334232635177933335e-02,4.541098171596685829e-02,6.198664120348134493e-02,4.698426154035598851e-02,7.081411304256243766e-02,6.262539870260991348e-02,2.998729257517877486e-02,2.080262729329319590e-02,3.336864157387613161e-02,4.631108729846816069e-02,1.131107399884611758e-01,8.553945390419701034e-02,7.842174412169511388e-02,9.201805718260883116e-02,7.068917407053346147e-02,5.842500583818593940e-02,5.005473683692192310e-02,7.916693060047617914e-02,7.380322217223833636e-02,8.192874637834293705e-02,3.527691704672095835e-02,4.476976047564848460e-02,4.227272983690305574e-02,5.146953639959334081e-02,6.238559615785300300e-02,1.152401403577965888e-01,1.543605797077508834e-01,7.779282416768390496e-02,2.125968887645840466e-01,8.389679321437179538e-02,5.507798854297935032e-02,4.412417154108353584e-02,6.481835026574657432e-02,5.148470077839623765e-02,7.852795621742442167e-02,6.036571524513752868e-02,8.193090154238522049e-02,1.070747073118439030e-01,4.424569022064439583e-02,8.046378375085731782e-02,5.110198783512846094e-02,7.346862274287609129e-02,8.488669240450097409e-02,8.174722729613279060e-02,3.304873267235995671e-02,6.810549080401233357e-02,5.754659893177488383e-02,4.968720065748245124e-02,5.511962437500546319e-02,6.594726794792374336e-02,7.299210747689648116e-02,8.797067013772270905e-02,3.204131957693724941e-01
5.171650689908225546e-02,3.242942080413676459e-02,2.953043855346558846e-02,1.370298573843834605e-02,0.000000000000000000e+00,1.667375202600503495e-02,3.494051144445649293e-02,2.413309174944275673e-02,4.233956771562822491e-02,5.231894961441608399e-02,1.242847150878445828e-01,9.141892535142061293e-02,5.481276734146155877e-02,6.844706081903546846e-02,6.962947088879831159e-02,8.536670135285928662e-02,7.743465694709050773e-02,9.504508166804467861e-02,1.064824900368478849e-01,9.091923772460797082e-02,6.879777010208543153e-02,3.050987215573906786e-02,5.176766235886087753e-02,3.114493451603116483e-02,2.946138807999673301e-02,3.472632987827067169e-02,5.785114520571373042e-02,7.348273176975700371e-02,5.707154676024886464e-02,7.913054809233530107e-02,7.208896881089559006e-02,3.991955623867610853e-02,1.600849261918417532e-02,2.494641884043779373e-02,3.372328846285525816e-02,1.261371570477788639e-01,9.834028087023527487e-02,8.860154693244229329e-02,1.034791179802016514e-01,8.428423828235666326e-02,7.128354979526271840e-02,6.090837592839989934e-02,6.696501979867494625e-02,6.065153893541540275e-02,9.355850368821155838e-02,3.107357550489129455e-02,4.098680038481842397e-02,3.469088403611747529e-02,4.456444746780292149e-02,5.484493913555208572e-02,1.250743090524183421e-01,1.652468446238169186e-01,9.085177497132439217e-02,2.247039031844063062e-01,7.297587415705650282e-02,4.492835316413927582e-02,4.481548401189921343e-02,5.293088566073144569e-02,3.821688176475063203e-02,6.548457671206364683e-02,5.666310318276987501e-02,7.827846419938951084e-02,9.514265580506164888e-02,5.766987510387874827e-02,9.407753477715879997e-02,6.474807170718255289e-02,6.328433523245881320e-02,9.148436403010264117e-02,8.300914713860850502e-02,2.063592524590924723e-02,7.133663662279171591e-02,6.155098546946307508e-02,3.899215970671520565e-02,5.541262087353839016e-02,6.604718496031694586e-02,5.931912210463971546e-02,8.050448090800293999e-02,3.317497502636477802e-01
3.858466546023127386e-02,4.191623615204602415e-02,3.302601327295639350e-02,2.282530291827802524e-02,1.667375202600503495e-02,0.000000000000000000e+00,3.101308190172051213e-02,1.461329899804700988e-02,3.292991724987417990e-02,4.004137589051084967e-02,1.347280731789440855e-01,1.030374288372242625e-01,5.209899892225575840e-02,6.617267891328092178e-02,6.189835845156738819e-02,7.398040866027509599e-02,6.776371944439901762e-02,8.242359493465449549e-02,9.344331154885449076e-02,7.539153657825181654e-02,5.443023751414297062e-02,3.394130771568449473e-02,6.617852802489510022e-02,4.684409159469989786e-02,4.612465658682793346e-02,2.067482411799891756e-02,5.595440020677930337e-02,6.870433563796117526e-02,5.061163654408398771e-02,6.918344909715923308e-02,6.391898101808221599e-02,5.275361206959587601e-02,3.264511221067904062e-02,3.994739524512565254e-02,4.254991870883600980e-02,1.337956149099240044e-01,1.067965594265980617e-01,1.012431144014469819e-01,1.145085963488365888e-01,8.966168409062263978e-02,7.981231122098988995e-02,7.283585064958593425e-02,7.499089288902045791e-02,6.592350841629134039e-02,8.847245218450400239e-02,1.440330241824538948e-02,2.431305813670026766e-02,1.947131822428919620e-02,2.890012165621969401e-02,3.968116451446414283e-02,1.163236463494912165e-01,1.578409558307128091e-01,8.966901911636371292e-02,2.195161996538969318e-01,8.331605599857326572e-02,5.724121319073564168e-02,2.950286928197330683e-02,4.403026325796352558e-02,3.499069678232042541e-02,5.991981116189321749e-02,4.000610864630207292e-02,6.164970879157039008e-02,1.031745459930386993e-01,6.456029558822344583e-02,9.579863226719884106e-02,6.750555482065478952e-02,5.098055926411771549e-02,7.934246476675306525e-02,6.723625439914650281e-02,1.641834415211176207e-02,5.682178677361178487e-02,4.787027542909255001e-02,2.792822510931945376e-02,3.957245611868835666e-02,4.996928330350910996e-02,6.084798653753625136e-02,6.535405860710881421e-02,3.246351615895621268e-01
6.463246043774570349e-02,2.894325700705049562e-02,1.440646648568364406e-02,2.486682972663534219e-02,3.494051144445649293e-02,3.101308190172051213e-02,0.000000000000000000e+00,1.697331205684765934e-02,1.348994799451767868e-02,2.623826859461698621e-02,1.589325521257058949e-01,1.257010450359451192e-01,8.311082134895267370e-02,9.718543015811599572e-02,9.166670779380255152e-02,1.003846802212584460e-01,9.610168431170898473e-02,1.067822281666211542e-01,1.167186909505842224e-01,9.270270496166466145e-02,7.678898277489856761e-02,6.313409553752095948e-02,5.876002301418522394e-02,4.805267739189519882e-02,5.583769005317246875e-02,2.290061692768853921e-02,2.494909936658332508e-02,3.874221874062825505e-02,2.228205406499253818e-02,4.606030464820487502e-02,3.777933409199819847e-02,4.347552979180837468e-02,4.566089872208149020e-02,5.799854449035458936e-02,6.854045679884096520e-02,1.078929951781955193e-01,8.267176450924809683e-02,8.542210782314285655e-02,9.448856605237482276e-02,6.227055234241927334e-02,5.724555365175863081e-02,5.768556728767516156e-02,1.018263506682826752e-01,9.469141269909768510e-02,5.880915266520002349e-02,3.404204645476410773e-02,3.978367413085643484e-02,4.485797466576409848e-02,5.086282443715697127e-02,6.144575041427415008e-02,9.055004293316984421e-02,1.303224310581483636e-01,5.865618202103433515e-02,1.900971734285664683e-01,1.077907156084342566e-01,7.933159645026406637e-02,3.119134573701754301e-02,7.365416094348437026e-02,6.597961557969216073e-02,9.055138459872046075e-02,5.234625295643293569e-02,7.175466692081204634e-02,1.300489926022975473e-01,4.089653120131290370e-02,6.545958845441787743e-02,3.853186277096855294e-02,7.723325418445439738e-02,6.087174146396721192e-02,6.366058098681251498e-02,4.711608169022801773e-02,4.801545460135871191e-02,3.712232006603034817e-02,5.710548584361149066e-02,4.079633979856946147e-02,5.069244094631111114e-02,9.123079634428300777e-02,8.470638351125156507e-02,2.968138295684368821e-01
4.836503719375737087e-02,3.571769241606134043e-02,2.321658539537226756e-02,2.106697355795609378e-02,2.413309174944275673e-02,1.461329899804700988e-02,1.697331205684765934e-02,0.000000000000000000e+00,1.891221780524038679e-02,2.818779807784060551e-02,1.474634214790869480e-01,1.150646770824021448e-01,6.649679000715788546e-02,8.054636568330543478e-02,7.472516876364347638e-02,8.424805531565032757e-02,7.942545143217905057e-02,9.134690858162526628e-02,1.017224213485887763e-01,7.991562138245561497e-02,6.182129416363360552e-02,4.818522544144902831e-02,6.382044068043525586e-02,4.780059561629654286e-02,5.128119517881046807e-02,1.228389617363753045e-02,4.181864636666737106e-02,5.409224276165208040e-02,3.603845155629287200e-02,5.573310546376048641e-02,4.973622582944819265e-02,4.899701088053991238e-02,3.873873065209081784e-02,4.906007895407052399e-02,5.555204763261134548e-02,1.231964100377653387e-01,9.704628644515422842e-02,9.555547271193631786e-02,1.068819617537492828e-01,7.808952284724246518e-02,7.061773160840040253e-02,6.703249945766487361e-02,8.855969042789847701e-02,8.014303164720701367e-02,7.386918654472729440e-02,1.817022883988513721e-02,2.594591024828491604e-02,2.838322980695650449e-02,3.547053008045359529e-02,4.642060957340076593e-02,1.024790527418181774e-01,1.436363524750957910e-01,7.543498717431441902e-02,2.049705119328746883e-01,9.599393760412436305e-02,6.867971472284220558e-02,2.306473151224476895e-02,5.671201560388271223e-02,4.948554207919390185e-02,7.360359354280632260e-02,4.071435172602815705e-02,6.185419397238624967e-02,1.168354159214412269e-01,5.460329727690426543e-02,8.239355280221871691e-02,5.493502253273611913e-02,6.102148436876219523e-02,6.739765390434385162e-02,6.080615980495786277e-02,3.102643555277845994e-02,4.781158096286464848e-02,3.766153585692579714e-02,4.017600845818047883e-02,3.405802594794975907e-02,4.488232629428864223e-02,7.545086827020415499e-02,7.097757320730488373e-02,3.104253262970725902e-01
5.939373065662182510e-02,4.239189705987111978e-02,2.780819768518415572e-02,3.541322964119740513e-02,4.233956771562822491e-02,3.292991724987417990e-02,1.348994799451767868e-02,1.891221780524038679e-02,0.000000000000000000e+00,1.277303005993262082e-02,1.662797875557420757e-01,1.336956750113845460e-01,8.334349899228528369e-02,9.721511987095982077e-02,8.857919677286021920e-02,9.421312338219878235e-02,9.145884478223283154e-02,9.928688043508947236e-02,1.085174155644167832e-01,8.253311564893166252e-02,6.905995907264504685e-02,6.684672034841164512e-02,7.221429764357222003e-02,6.052834669045895760e-02,6.693855213150833039e-02,1.621374128949967103e-02,2.957575259881503951e-02,3.735443087735257350e-02,1.874449427133404594e-02,3.688976125446902926e-02,3.098909780019830015e-02,5.691740965750104186e-02,5.553286107392479271e-02,6.691826414214253893e-02,7.445825466174926799e-02,1.173037051484589199e-01,9.331955836700812912e-02,9.833986155581338207e-02,1.064594171310737636e-01,7.139328117346224745e-02,6.897163427905646238e-02,7.091924456644464747e-02,1.074637958789713965e-01,9.883413880547112229e-02,5.639486316758340889e-02,2.990247447983600954e-02,3.240691340991640190e-02,4.096910746652569074e-02,4.457628272846383272e-02,5.419598320684722997e-02,8.357934069249561837e-02,1.249134922149369997e-01,6.117716193015265702e-02,1.868744596361413268e-01,1.148262711609264186e-01,8.722820078801692134e-02,2.051879147263098446e-02,7.083407347897593964e-02,6.678305037389321852e-02,8.888005529315033681e-02,4.222958662666701640e-02,6.007288801764517489e-02,1.357342169031968415e-01,5.271168202252581036e-02,7.092153954815275108e-02,4.710076035157012564e-02,7.156873253194631634e-02,4.959414913988630103e-02,5.019586750288577981e-02,4.917413142463292891e-02,3.455715721554644682e-02,2.365892268662382614e-02,5.454879202273718586e-02,2.857761097830579036e-02,3.783506700174735921e-02,9.345833491837951534e-02,7.545844868985002174e-02,2.917094483131765226e-01
5.809759707452943900e-02,5.516252049035955118e-02,4.058113576993709753e-02,4.721391932601719243e-02,5.231894961441608399e-02,4.004137589051084967e-02,2.623826859461698621e-02,2.818779807784060551e-02,1.277303005993262082e-02,0.000000000000000000e+00,1.747553333872419179e-01,1.428165084762434978e-01,8.660921587196125648e-02,1.000288229527080824e-01,8.859947838982930313e-02,9.093510985508343469e-02,8.984756196596131728e-02,9.447236252741571250e-02,1.027911782367537663e-01,7.478378116805725617e-02,6.459515618119067437e-02,7.345825007526098072e-02,8.498489035040830697e-02,7.294980936411216144e-02,7.860016441609220250e-02,1.965402453609640249e-02,3.731685791731780694e-02,3.934541004396354541e-02,2.253579502535161747e-02,3.019340213068953671e-02,2.810948933013295362e-02,6.968955552197499126e-02,6.660869750813612489e-02,7.724672696978036879e-02,8.257567733860282644e-02,1.261574979427067256e-01,1.034007026808753948e-01,1.103913073359040625e-01,1.176230193107309363e-01,8.045849445036898362e-02,8.012053977314201325e-02,8.332032849929564555e-02,1.149187735788301939e-01,1.051793083242831828e-01,5.593021488475404673e-02,3.232871408900631072e-02,3.079657152654863977e-02,4.228831800682035513e-02,4.299368867765516328e-02,5.087658431473177090e-02,7.752915904344251374e-02,1.199057388912621314e-01,6.506073848381113689e-02,1.835914914843858881e-01,1.233175803152298661e-01,9.660886294006386377e-02,1.640286664967897934e-02,7.157988844360996250e-02,7.100270704164750313e-02,9.026726507223270524e-02,3.583543028283229376e-02,5.063129353486028883e-02,1.430051393998014175e-01,6.408672783662776318e-02,7.700608834450628493e-02,5.633062247039410247e-02,6.935933416524726891e-02,3.940344846154539976e-02,3.762951449954334698e-02,5.517397332062688037e-02,2.178449366015011365e-02,1.088681949934269810e-02,5.622813174734584557e-02,1.959154788055178162e-02,2.686887520945416274e-02,9.827763831610343559e-02,6.899451475470681772e-02,2.863432945972138044e-01
1.378437277383717796e-01,1.436524604475735434e-01,1.500573170925276478e-01,1.346638542816123996e-01,1.242847150878445828e-01,1.347280731789440855e-01,1.589325521257058949e-01,1.474634214790869480e-01,1.662797875557420757e-01,1.747553333872419179e-01,0.000000000000000000e+00,3.400394620962660791e-02,1.021445807496508679e-01,9.669098155801907069e-02,1.195863829337010104e-01,1.421395555360394636e-01,1.301834866900237198e-01,1.543980046985063692e-01,1.639121850613580456e-01,1.735635753442249518e-01,1.512585764297953717e-01,1.024094673251094850e-01,1.335599182726158463e-01,1.219499358561749736e-01,1.084771117539534563e-01,1.553362893613740581e-01,1.794921028441170963e-01,1.966085600121972865e-01,1.812029216673603782e-01,2.031679943868458793e-01,1.963716400568014664e-01,1.375698723943794832e-01,1.143515631770929131e-01,1.013663280780688764e-01,9.218049157505874003e-02,2.170155416763691336e-01,1.910821985286509650e-01,1.626605812115764493e-01,1.824718507485935115e-01,1.902448627743885401e-01,1.706379520285234153e-01,1.508285143814604157e-01,6.101185542563315745e-02,7.371313269210308383e-02,2.164397113820906993e-01,1.449889947944376090e-01,1.519393120392367458e-01,1.390724168869929278e-01,1.455990459110421409e-01,1.484132162766650109e-01,2.493517421317028027e-01,2.890243327701790266e-01,2.095467879148183166e-01,3.459964818540789966e-01,5.147510294811694781e-02,7.962443468851058970e-02,1.628595515108980651e-01,1.228470205472284582e-01,1.100256272537488700e-01,1.104095794752857213e-01,1.626934484510440815e-01,1.786510958092532020e-01,3.623041498875893135e-02,1.655861675196836635e-01,2.074566716583134962e-01,1.797126298629145580e-01,1.382580801464893538e-01,2.140604317019095260e-01,1.969066279516941964e-01,1.205931961821503362e-01,1.901807367495222945e-01,1.822386469223475636e-01,1.285588964808008772e-01,1.709953878132411120e-01,1.795234392861453088e-01,8.624425189623680099e-02,1.633720538327344540e-01,4.548506136300304870e-01
1.115719119400502973e-01,1.096643797287475131e-01,1.163487432023501272e-01,1.011864317364404992e-01,9.141892535142061293e-02,1.030374288372242625e-01,1.257010450359451192e-01,1.150646770824021448e-01,1.336956750113845460e-01,1.428165084762434978e-01,3.400394620962660791e-02,0.000000000000000000e+00,7.840150266284139080e-02,7.700265240702729164e-02,9.893491216710453839e-02,1.227071885151342634e-01,1.103810928875079006e-01,1.354299026115613480e-01,1.461100200137228911e-01,1.504240447055433250e-01,1.268273445884116890e-01,7.251079294308430956e-02,1.002602426781061817e-01,8.796905125980852835e-02,7.447442674398553619e-02,1.237093222351713928e-01,1.457227474072062268e-01,1.629977466173951894e-01,1.479805506516389257e-01,1.705415882772327585e-01,1.633398167680762680e-01,1.036679146966280052e-01,8.067391948806265645e-02,6.781856289022765438e-02,6.082038770845212688e-02,1.848639385407366553e-01,1.583697358569395863e-01,1.312034484994347716e-01,1.510440066018253480e-01,1.565445660931250316e-01,1.371252061842885561e-01,1.175431408338236811e-01,3.445550276652572380e-02,4.876794685234294574e-02,1.827412231052322200e-01,1.143461063759594193e-01,1.220773902461140814e-01,1.096650270484530315e-01,1.171800527587099350e-01,1.215535322983804373e-01,2.162440374956308697e-01,2.554724624333529759e-01,1.755575649960883222e-01,3.120310311643552659e-01,2.108822558263697203e-02,4.649192008650818858e-02,1.319198412866203762e-01,9.804598284288428001e-02,8.240732177274683046e-02,8.934358424807252452e-02,1.341635865162708330e-01,1.518486572676419344e-01,2.630694842019666232e-02,1.316587711163620944e-01,1.735098368178929484e-01,1.457088413495758461e-01,1.142881406339016220e-01,1.822196658813018955e-01,1.674717803187714127e-01,9.003539931724684198e-02,1.594060801145116835e-01,1.508839952734779277e-01,1.006870062404898736e-01,1.407424681149553325e-01,1.499011484347000933e-01,6.307559466792944658e-02,1.396390013376174744e-01,4.210445240995375760e-01
3.652606729508393185e-02,8.715945167043635811e-02,8.298912759950327622e-02,6.830778411057726596e-02,5.481276734146155877e-02,5.209899892225575840e-02,8.311082134895267370e-02,6.649679000715788546e-02,8.334349899228528369e-02,8.660921587196125648e-02,1.021445807496508679e-01,7.840150266284139080e-02,0.000000000000000000e+00,1.407778087196477276e-02,2.252541146262784441e-02,4.607252358968839251e-02,3.406354577619291613e-02,5.873906964004450837e-02,7.018675949057992525e-02,7.216007446871454400e-02,4.915948296794820510e-02,2.651745737510025763e-02,1.009791558385075838e-01,7.923709549107965655e-02,6.884129330726050655e-02,6.791599846754400871e-02,1.080440403979367886e-01,1.203070779138907670e-01,1.018639519711258407e-01,1.167753372989685651e-01,1.136309533256330689e-01,9.252624181406433890e-02,6.037284366865895702e-02,5.395372814596328254e-02,3.543815080063095896e-02,1.807461929120235955e-01,1.527872748459254415e-01,1.394527053249251247e-01,1.561314855365927567e-01,1.389907648811507801e-01,1.258617279055451177e-01,1.135389652279175654e-01,4.394608974755642022e-02,2.965406337224723091e-02,1.397176758619912973e-01,5.437206813895772289e-02,5.730790306899850861e-02,4.455332595840878762e-02,4.746847154905088628e-02,4.741313922307242856e-02,1.639666801455109124e-01,2.065007489306998345e-01,1.417645075995557225e-01,2.698818564420675803e-01,5.784439051834267681e-02,4.983267838626481705e-02,7.112747764615526269e-02,2.079225018914224871e-02,1.720576382643724395e-02,1.383939374362282322e-02,6.374483183482419768e-02,7.706454274331257792e-02,6.616631992666438533e-02,1.124779338927893169e-01,1.473300168897472839e-01,1.184328174859919924e-01,3.625087944165342191e-02,1.226407328068386399e-01,9.854844704407907108e-02,3.631288472566095854e-02,9.574158522119519121e-02,9.055396981508594123e-02,3.095472971529590958e-02,7.599103858721098503e-02,8.222759468767189273e-02,1.590881515659969478e-02,6.157098232969510782e-02,3.727243773045326725e-01
4.693652260278151356e-02,1.006376882680796447e-01,9.693035675236783000e-02,8.204189385528751211e-02,6.844706081903546846e-02,6.617267891328092178e-02,9.718543015811599572e-02,8.054636568330543478e-02,9.721511987095982077e-02,1.000288229527080824e-01,9.669098155801907069e-02,7.700265240702729164e-02,1.407778087196477276e-02,0.000000000000000000e+00,2.289607035126286702e-02,4.597896102534057561e-02,3.375219864504405004e-02,5.859861115693492523e-02,6.911206419544994872e-02,7.718079930128575461e-02,5.627091870352696895e-02,3.905017821319170523e-02,1.128924118028697687e-01,9.136454354805641220e-02,8.007013453833702887e-02,8.162610079175178224e-02,1.221206755352921697e-01,1.342762253695717611e-01,1.157955773400050348e-01,1.301174321064183237e-01,1.273106537080201106e-01,1.052936422906605163e-01,7.278653372585031089e-02,6.501094896168534143e-02,4.538077166231979653e-02,1.940129294645112634e-01,1.659691921486250443e-01,1.514059743391011903e-01,1.685595465704248508e-01,1.527215259276649140e-01,1.391633477374561445e-01,1.261518896060855321e-01,4.356757440921667918e-02,2.993969718785572179e-02,1.536087227236739849e-01,6.796430742191482410e-02,7.017377229540631978e-02,5.777217231537946224e-02,5.956222471171401106e-02,5.774793090998888573e-02,1.771462511653499605e-01,2.198029451860515904e-01,1.558402204961977788e-01,2.835098889838807978e-01,5.787862488772712449e-02,5.688438778201023588e-02,8.427372601165999955e-02,3.071753920057748721e-02,3.126961306204759095e-02,1.398138644063263471e-02,7.502955971613128883e-02,8.602813365767830733e-02,6.049765284090998646e-02,1.260932113375218266e-01,1.613537750478763189e-01,1.324004484348190736e-01,4.327487061158939025e-02,1.352509225819821248e-01,1.095315213649857844e-01,5.036092133257562969e-02,1.080053442047428092e-01,1.034367449798253430e-01,4.389981096794175197e-02,8.839995705007686055e-02,9.385133938780193530e-02,1.623700105761202370e-02,6.744208860717371135e-02,3.857599062270595236e-01
3.087170635029151330e-02,1.016791218019368337e-01,9.481279609431954303e-02,8.207917831637455419e-02,6.962947088879831159e-02,6.189835845156738819e-02,9.166670779380255152e-02,7.472516876364347638e-02,8.857919677286021920e-02,8.859947838982930313e-02,1.195863829337010104e-01,9.893491216710453839e-02,2.252541146262784441e-02,2.289607035126286702e-02,0.000000000000000000e+00,2.391548192405502232e-02,1.165440727668092154e-02,3.667633836441550055e-02,4.787252026689400169e-02,5.448598409584200220e-02,3.507127567618386482e-02,4.610260916268523607e-02,1.193042059179546532e-01,9.749608843672950831e-02,8.860504916291778166e-02,7.237193725472537698e-02,1.162296232666751861e-01,1.258463568066647553e-01,1.072685478065110165e-01,1.177406836299015880e-01,1.166653443299231346e-01,1.092142611736090091e-01,7.852314714051349120e-02,7.421412338470786962e-02,5.706437534666836814e-02,1.951018165880476773e-01,1.676185285671907277e-01,1.573754196290456930e-01,1.729997807741237847e-01,1.515108875611303474e-01,1.405040004690783217e-01,1.303265659460598469e-01,6.478057937023964930e-02,5.053250604086401143e-02,1.441365685829373577e-01,5.874407063623466457e-02,5.780335338741370010e-02,4.762473599808320079e-02,4.571584636042009403e-02,4.042950448632498528e-02,1.636246164822353077e-01,2.065026935951529696e-01,1.494004254927384090e-01,2.714944545567332113e-01,7.901783745836261919e-02,7.225341664888955406e-02,7.221887998735128378e-02,1.801335033912305691e-02,3.269875973874886155e-02,9.598401903677918415e-03,5.843801855673674134e-02,6.572767949974361867e-02,8.338628384230083179e-02,1.259403599780272165e-01,1.571177349896691888e-01,1.293093609503886132e-01,2.285343353450165413e-02,1.203096348143839894e-01,9.149262005680991461e-02,4.911581332053787524e-02,9.258547962164909162e-02,8.986836266647893479e-02,3.456313696495048188e-02,7.385824219605301166e-02,7.731289025537382842e-02,3.603133036805387240e-02,4.514828178784607848e-02,3.710562521423815263e-01
3.588791270558543134e-02,1.157405799327964474e-01,1.065301263107830548e-01,9.621717769679100085e-02,8.536670135285928662e-02,7.398040866027509599e-02,1.003846802212584460e-01,8.424805531565032757e-02,9.421312338219878235e-02,9.093510985508343469e-02,1.421395555360394636e-01,1.227071885151342634e-01,4.607252358968839251e-02,4.597896102534057561e-02,2.391548192405502232e-02,0.000000000000000000e+00,1.233019152013770797e-02,1.276190862284676091e-02,2.413329783705335865e-02,3.605489656677929311e-02,2.693805332075874248e-02,6.691663855105237091e-02,1.368098685057609898e-01,1.153441694841790127e-01,1.081554844717684677e-01,7.851144583769487095e-02,1.234903136804726964e-01,1.300575680017946323e-01,1.120613711475422075e-01,1.174629283512021172e-01,1.186072019238546549e-01,1.252165238656254564e-01,9.678351251297123703e-02,9.456254369827027384e-02,7.910090137028039092e-02,2.073171283471162973e-01,1.806648251167277119e-01,1.739551875604089248e-01,1.882338873980871075e-01,1.623324744068117276e-01,1.537574214838175468e-01,1.460190228537059931e-01,8.865894240844987562e-02,7.443646985562638041e-02,1.466384937022700008e-01,6.636283301962701831e-02,6.180621005541928753e-02,5.589639137731565455e-02,4.977652051064429539e-02,4.019632833129714589e-02,1.606281510613623842e-01,2.031672032030531205e-01,1.551458377406968181e-01,2.692227709219382481e-01,1.029158793989372878e-01,9.518130487495995995e-02,7.500830343944897560e-02,3.346797190089954854e-02,5.258179362034292453e-02,3.348885369881744734e-02,5.608504608992385954e-02,5.497544489879103990e-02,1.061290647834428891e-01,1.382714002367642914e-01,1.649589652431081299e-01,1.389087748009097123e-01,2.323016799891496065e-02,1.164043149159400270e-01,8.376462660359643153e-02,6.500683544385232882e-02,8.916186318744601103e-02,8.930300021417421352e-02,4.657139758000198443e-02,7.307522893124844543e-02,7.310917025386957924e-02,5.993289904913731009e-02,3.006681063903456075e-02,3.647965374096305835e-01
3.208009965078215120e-02,1.088157259230912582e-01,1.007575422466964882e-01,8.915828659892362229e-02,7.743465694709050773e-02,6.776371944439901762e-02,9.610168431170898473e-02,7.942545143217905057e-02,9.145884478223283154e-02,8.984756196596131728e-02,1.301834866900237198e-01,1.103810928875079006e-01,3.406354577619291613e-02,3.375219864504405004e-02,1.165440727668092154e-02,1.233019152013770797e-02,0.000000000000000000e+00,2.508158228392272371e-02,3.621860109404698852e-02,4.545925063342153710e-02,2.986393468020926908e-02,5.635368806195512753e-02,1.281703484202024457e-01,1.064754824072511596e-01,9.838686044563614563e-02,7.534347745110002437e-02,1.200814709806849873e-01,1.282454820892452441e-01,1.098610630668477584e-01,1.179061326293448370e-01,1.179104018675291715e-01,1.173280605155035128e-01,8.764160060914048811e-02,8.434469156150128932e-02,6.796653114294780307e-02,2.015562563177428212e-01,1.744312792226179742e-01,1.658626420190766892e-01,1.808676823963102642e-01,1.572173695260181414e-01,1.473637279654535504e-01,1.383427771437393539e-01,7.633366555689161115e-02,6.212347511409507805e-02,1.457698017346169550e-01,6.227158676722932551e-02,5.947151693812777890e-02,5.126426539866157234e-02,4.710767465047075581e-02,3.941298935389025287e-02,1.626366705348742392e-01,2.054403525905373895e-01,1.526320242032499497e-01,2.710340505616012918e-01,9.059709402596319294e-02,8.358491630551297125e-02,7.351360621865493661e-02,2.450741210117436328e-02,4.233582647727991699e-02,2.118240148127479433e-02,5.695083026739648779e-02,6.036275312158240203e-02,9.408680881518961814e-02,1.323132487138253266e-01,1.613903162586466378e-01,1.343587289154501152e-01,2.060309056775152040e-02,1.187203933508627907e-01,8.786506438638100325e-02,5.680863310259375715e-02,9.104879125820340702e-02,8.970228409655946200e-02,3.983560715740670083e-02,7.340891164572328764e-02,7.523950174994986639e-02,4.762012187316971845e-02,3.735703846235325504e-02,3.687117660434097166e-01
4.384390045631830768e-02,1.243368683289237803e-01,1.141932828477106587e-01,1.050801062391948926e-01,9.504508166804467861e-02,8.242359493465449549e-02,1.067822281666211542e-01,9.134690858162526628e-02,9.928688043508947236e-02,9.447236252741571250e-02,1.543980046985063692e-01,1.354299026115613480e-01,5.873906964004450837e-02,5.859861115693492523e-02,3.667633836441550055e-02,1.276190862284676091e-02,2.508158228392272371e-02,0.000000000000000000e+00,1.183543722267453406e-02,2.943321317105888554e-02,3.022718897780668837e-02,7.867633486141153987e-02,1.467715786928475430e-01,1.255811258195097257e-01,1.191439568443817126e-01,8.424442891751406093e-02,1.288427206103283928e-01,1.338174342116740523e-01,1.163757700719139643e-01,1.190933948795250968e-01,1.213759707442762931e-01,1.345869357195399463e-01,1.073328021985084230e-01,1.059467498124745111e-01,9.118890874795823609e-02,2.144787578005266648e-01,1.883430433301051810e-01,1.833334375923466875e-01,1.969260082131214507e-01,1.690424475026253426e-01,1.616808469226571066e-01,1.551168111306953923e-01,1.014152389174924340e-01,8.719786929612520499e-02,1.493337148531631853e-01,7.319155855395990951e-02,6.723133050100053854e-02,6.348341456953109085e-02,5.598341014679580896e-02,4.536655137815991806e-02,1.602682748514021038e-01,2.023207427102633182e-01,1.594115652549271678e-01,2.686715785391687872e-01,1.156760374028970584e-01,1.075464541727657874e-01,7.927245245190239764e-02,4.478382803824517561e-02,6.425238357955763424e-02,4.625042251196241627e-02,5.871261680932941124e-02,5.269176196945561663e-02,1.185027637485927404e-01,1.458752789682166706e-01,1.701922617185603892e-01,1.452163846635359801e-01,3.176390596426462848e-02,1.160930854347353852e-01,8.202780304774882902e-02,7.513069361493754372e-02,8.972006103332026694e-02,9.139468264111905160e-02,5.606389908797454469e-02,7.561238568440360741e-02,7.379655234424621624e-02,7.269422280242124335e-02,2.748768509220785028e-02,3.618602069024576262e-01
5.498039760688569477e-02,1.353006484288925004e-01,1.247510537583170070e-01,1.161971678388724200e-01,1.064824900368478849e-01,9.344331154885449076e-02,1.167186909505842224e-01,1.017224213485887763e-01,1.085174155644167832e-01,1.027911782367537663e-01,1.639121850613580456e-01,1.461100200137228911e-01,7.018675949057992525e-02,6.911206419544994872e-02,4.787252026689400169e-02,2.413329783705335865e-02,3.621860109404698852e-02,1.183543722267453406e-02,0.000000000000000000e+00,3.194963771638774375e-02,3.995896936356036627e-02,9.050899901498909994e-02,1.582436575491867059e-01,1.371567208287736706e-01,1.309067625962490877e-01,9.396172376132563842e-02,1.380830042635191879e-01,1.420203725947858930e-01,1.250326114957031609e-01,1.258831437486218063e-01,1.289693648915822555e-01,1.458549744118614044e-01,1.190071622660984485e-01,1.177680369960592971e-01,1.029854456465681967e-01,2.245897563975354505e-01,1.987645679000810128e-01,1.945607097624305060e-01,2.078423224055977181e-01,1.789648232349016488e-01,1.722643454632381554e-01,1.662516055638138257e-01,1.123382985098441700e-01,9.821687372999858556e-02,1.567270958043844864e-01,8.355797100354177276e-02,7.695898371470386023e-02,7.426897925871531192e-02,6.625197130223887954e-02,5.536270141803779909e-02,1.652474364808725615e-01,2.067267383956887528e-01,1.678511942714151772e-01,2.731733171193839738e-01,1.266398698278068946e-01,1.192548128996197693e-01,8.820136228959271629e-02,5.661729037985144958e-02,7.608669136691635637e-02,5.735341129888396616e-02,6.698797099710654401e-02,5.760086072911468902e-02,1.282998716269999062e-01,1.563248129589503987e-01,1.792274142362771938e-01,1.549640712251063868e-01,4.324486200163816380e-02,1.214003827372482774e-01,8.658577651148068044e-02,8.673774983154487750e-02,9.600036047146508211e-02,9.877234306667682928e-02,6.756256773152459483e-02,8.350456131980282803e-02,8.042995017956905413e-02,8.373001212571785923e-02,3.398496752654200231e-02,3.640998593590293875e-01
4.197378835358448607e-02,1.153783440619023798e-01,1.030056932916572354e-01,9.776591325570757607e-02,9.091923772460797082e-02,7.539153657825181654e-02,9.270270496166466145e-02,7.991562138245561497e-02,8.253311564893166252e-02,7.478378116805725617e-02,1.735635753442249518e-01,1.504240447055433250e-01,7.216007446871454400e-02,7.718079930128575461e-02,5.448598409584200220e-02,3.605489656677929311e-02,4.545925063342153710e-02,2.943321317105888554e-02,3.194963771638774375e-02,0.000000000000000000e+00,2.436217214435360337e-02,8.407238300850393420e-02,1.415287431303452192e-01,1.219769391969630079e-01,1.187632551384864565e-01,6.996128759405695341e-02,1.115522031762965494e-01,1.132190395309460862e-01,9.731949697973873992e-02,9.525515971504106005e-02,9.931520696615651900e-02,1.276814341134650255e-01,1.056622432949151091e-01,1.078936360652257148e-01,9.763872086827041219e-02,1.998331193275864892e-01,1.753358471766950921e-01,1.753558524041233802e-01,1.866179214837326850e-01,1.539231865572985303e-01,1.497886877968169217e-01,1.467911499153194133e-01,1.160030428463194457e-01,1.017809083457106578e-01,1.266103405813825966e-01,6.267109891962480139e-02,5.396984406711708565e-02,5.625313448924443294e-02,4.650810667733379367e-02,3.610940246222680422e-02,1.333863913921569944e-01,1.747783462775005514e-01,1.392712273862682093e-01,2.412255819968420201e-01,1.296169077914481604e-01,1.152277676786784971e-01,6.208117725261179387e-02,5.256747642149720012e-02,7.052256043886344361e-02,6.326517875801987434e-02,4.042908748033643973e-02,2.619079072499875052e-02,1.373400996979874389e-01,1.334857559075911526e-01,1.517858069373531349e-01,1.296337460886569926e-01,3.617701640686663001e-02,8.970781322223557452e-02,5.472491537500859260e-02,7.411414912000409416e-02,6.511851648341381027e-02,6.918932929774372631e-02,5.555147226560805396e-02,5.519586082192801807e-02,5.019343676987415848e-02,8.790785440329899891e-02,1.117395919807182003e-02,3.328044493126972592e-01
